REAL test of CDA, simple
items: ((1))
items: (4.400000,3.300000,2.200000,1.100000,(0))
items: (4.400000,3.300000,2.200000,4.400000,1.100000,3.300000,2.200000,1.100000)
items: (4.400000,2.200000,4.400000,1.100000,3.300000,2.200000,1.100000)
items: (4.400000,2.200000,4.400000,1.100000,3.300000,2.200000)
items: (2.200000,4.400000,1.100000,3.300000,2.200000)
items: (4.400000,1.100000,3.300000,2.200000)
size: 4
